0   20.00  0.36    0 0 2.2
1   20.00  0.36    0 0 2.2
2   20.00  0.36    0 0 2.2
3   20.00  0.36    0 0 2.2
4   20.00  0.36    0 0 2.2
5   20.00  0.36    0 0 2.2
6   20.00  0.36    0 0 2.2
7   20.00  0.36    0 0 2.2
8   20.00  0.36    0 0 2.2
9   20.00  0.36    0 0 2.2
10  20.00  0.36    0 0 2.2
11  20.00  0.36    0 0 2.2
12  20.00  0.36    0 0 2.2
13  20.00  0.36    0 0 2.2
14  20.00  0.36    0 0 2.2
15  20.00  0.36    0 0 2.2
16  20.00  0.36    0 0 2.2
17  20.00  0.36    0 0 2.2
18  20.00  0.36    0 0 2.2
19  20.00  0.36    0 0 2.2
20  20.00  0.36    0 0 2.2
21  20.00  0.36    0 0 2.2
22  20.00  0.36    0 0 2.2
23  20.00  0.36    0 0 2.2
24  20.00  0.36    0 0 2.2
25  20.00  0.36    0 0 2.2
26  20.00  0.36    0 0 2.2
27  20.00  0.36    0 0 2.2
28  20.00  0.36    0 0 2.2
29  20.00  0.36    0 0 2.2
30  20.00  0.36    0 0 2.2
31  20.00  0.36    0 0 2.2
32  20.00  0.36    0 0 2.2
33  20.00  0.36    0 0 2.2
34  20.00  0.36    0 0 2.2
35  20.00  0.36    0 0 2.2
36  20.00  0.36    0 0 2.2
37  20.00  0.36    0 0 2.2
38  20.00  0.36    0 0 2.2
39  20.00  0.36    0 0 2.2
40  20.00  0.36    0 0 2.2
41  20.00  0.36    0 0 2.2
42  20.00  0.36    0 0 2.2
43  20.00  0.36    0 0 2.2
44  20.00  0.36    0 0 2.2
45  20.00  0.36    0 0 2.2
46  20.00  0.36    0 0 2.2
47  20.00  0.36    0 0 2.2
48  20.00  0.36    0 0 2.2
49  20.00  0.36    0 0 2.2
50  20.00  0.36    0 0 2.2
51  20.00  0.36    0 0 2.2
52  20.00  0.36    0 0 2.2
53  20.00  0.36    0 0 2.2
54  20.00  0.36    0 0 2.2
55  20.00  0.36    0 0 2.2
56  20.00  0.36    0 0 2.2
57  20.00  0.36    0 0 2.2
58  20.00  0.36    0 0 2.2
59  20.00  0.36    0 0 2.2
60  20.00  0.36    0 0 2.2
61  20.00  0.36    0 0 2.2
62  20.00  0.36    0 0 2.2
63  20.00  0.36    0 0 2.2
64  20.00  0.36    0 0 2.2
65  20.00  0.36    0 0 2.2
66  20.00  0.36    0 0 2.2
67  20.00  0.36    0 0 2.2
68  20.00  0.36    0 0 2.2
69  20.00  0.36    0 0 2.2
70  20.00  0.36    0 0 2.2
71  20.00  0.36    0 0 2.2
72  20.00  0.36    0 0 2.2
73  20.00  0.36    0 0 2.2
74  20.00  0.36    0 0 2.2
75  20.00  0.36    0 0 2.2
76  20.00  0.36    0 0 2.2
77  20.00  0.36    0 0 2.2
78  20.00  0.36    0 0 2.2
79  20.00  0.36    0 0 2.2
80  20.00  0.36    0 0 2.2
81  20.00  0.36    0 0 2.2
82  20.00  0.36    0 0 2.2
83  20.00  0.36    0 0 2.2
84  20.00  0.36    0 0 2.2
85  20.00  0.36    0 0 2.2
86  20.00  0.36    0 0 2.2
87  20.00  0.36    0 0 2.2
88  20.00  0.36    0 0 2.2
89  20.00  0.36    0 0 2.2
90  20.00  0.36    0 0 2.2
91  20.00  0.36    0 0 2.2
92  20.00  0.36    0 0 2.2
93  20.00  0.36    0 0 2.2
94  20.00  0.36    0 0 2.2
95  20.00  0.36    0 0 2.2
96  20.00  0.36    0 0 2.2
97  20.00  0.36    0 0 2.2
98  20.00  0.36    0 0 2.2
99  20.00  0.36    0 0 2.2
100 20.00  0.36    0 0 2.2
101 20.00  0.36    0 0 2.2
102 20.00  0.36    0 0 2.2
103 20.00  0.36    0 0 2.2
104 20.00  0.36    0 0 2.2
105 20.00  0.36    0 0 2.2
106 20.00  0.36    0 0 2.2
107 20.00  0.36    0 0 2.2
108 20.00  0.36    0 0 2.2
109 20.00  0.36    0 0 2.2
110 20.00  0.36    0 0 2.2
111 20.00  0.36    0 0 2.2
112 20.00  0.36    0 0 2.2
113 20.00  0.36    0 0 2.2
114 20.00  0.36    0 0 2.2
115 20.00  0.36    0 0 2.2
116 20.00  0.36    0 0 2.2
117 20.00  0.36    0 0 2.2
118 20.00  0.36    0 0 2.2
119 20.00  0.36    0 0 2.2
120 20.00  0.36    0 0 2.2
121 20.00  0.36    0 0 2.2
122 20.00  0.36    0 0 2.2
123 20.00  0.36    0 0 2.2
124 20.00  0.36    0 0 2.2
125 20.00  0.36    0 0 2.2
126 20.00  0.36    0 0 2.2
127 20.00  0.36    0 0 2.2
128 20.00  0.36    0 0 2.2
129 20.00  0.36    0 0 2.2
130 20.00  0.36    0 0 2.2
131 20.00  0.36    0 0 2.2
132 20.00  0.36    0 0 2.2
133 20.00  0.36    0 0 2.2
134 20.00  0.36    0 0 2.2
135 20.00  0.36    0 0 2.2
136 20.00  0.36    0 0 2.2
137 20.00  0.36    0 0 2.2
138 20.00  0.36    0 0 2.2
139 20.00  0.36    0 0 2.2
140 20.00  0.36    0 0 2.2
141 20.00  0.36    0 0 2.2
142 20.00  0.36    0 0 2.2
143 20.00  0.36    0 0 2.2
144 20.00  0.36    0 0 2.2
145 20.00  0.36    0 0 2.2
146 20.00  0.36    0 0 2.2
147 20.00  0.36    0 0 2.2
148 20.00  0.36    0 0 2.2
149 20.00  0.36    0 0 2.2
150 20.00  0.36    0 0 2.2
151 20.00  0.36    0 0 2.2
152 20.00  0.36    0 0 2.2
153 20.00  0.36    0 0 2.2
154 20.00  0.36    0 0 2.2
155 20.00  0.36    0 0 2.2
156 20.00  0.36    0 0 2.2
157 20.00  0.36    0 0 2.2
158 20.00  0.36    0 0 2.2
159 20.00  0.36    0 0 2.2
160 20.00  0.36    0 0 2.2
161 20.00  0.36    0 0 2.2
162 0. 0. 0. 0. 0.
163 0. 0. 0. 0. 0.
164 0. 0. 0. 0. 0.
165 0. 0. 0. 0. 0.
166 0. 0. 0. 0. 0.
167 0. 0. 0. 0. 0.
168 0. 0. 0. 0. 0.
169 0. 0. 0. 0. 0.
170 0. 0. 0. 0. 0.
171 0. 0. 0. 0. 0.
172 0. 0. 0. 0. 0.
173 0. 0. 0. 0. 0.
