707
1e+08  1e+08   1e+08  1e+08   1e+08  1e+08  1e+08  1e+08
1.43968e+06  1.44111e+06   1.62211e+06  1.62353e+06   1.60705e+06  1.60847e+06  1.61614e+06  1.61756e+06
1.42337e+06  1.42477e+06   1.60372e+06  1.60513e+06   1.58883e+06  1.59024e+06  1.59782e+06  1.59923e+06
1.40723e+06  1.40863e+06   1.58555e+06  1.58694e+06   1.57083e+06  1.57222e+06  1.57971e+06  1.5811e+06
1.39128e+06  1.39264e+06   1.56757e+06  1.56893e+06   1.55302e+06  1.55438e+06  1.56181e+06  1.56316e+06
1.37552e+06  1.3769e+06   1.54981e+06  1.55119e+06   1.53542e+06  1.5368e+06  1.5441e+06  1.54548e+06
1.35992e+06  1.36127e+06   1.53224e+06  1.53359e+06   1.51802e+06  1.51936e+06  1.5266e+06  1.52795e+06
1.34451e+06  1.34586e+06   1.51488e+06  1.51622e+06   1.50081e+06  1.50216e+06  1.5093e+06  1.51065e+06
1.32927e+06  1.33059e+06   1.49771e+06  1.49902e+06   1.4838e+06  1.48511e+06  1.49219e+06  1.49351e+06
1.31421e+06  1.31551e+06   1.48073e+06  1.48203e+06   1.46698e+06  1.46828e+06  1.47528e+06  1.47658e+06
1.29931e+06  1.3006e+06   1.46395e+06  1.46523e+06   1.45036e+06  1.45164e+06  1.45856e+06  1.45984e+06
1.28458e+06  1.28585e+06   1.44735e+06  1.44862e+06   1.43392e+06  1.43519e+06  1.44203e+06  1.4433e+06
1.27002e+06  1.27128e+06   1.43095e+06  1.43221e+06   1.41766e+06  1.41892e+06  1.42568e+06  1.42694e+06
1.25563e+06  1.25687e+06   1.41473e+06  1.41597e+06   1.4016e+06  1.40284e+06  1.40952e+06  1.41077e+06
1.2414e+06  1.24264e+06   1.3987e+06  1.39994e+06   1.38571e+06  1.38696e+06  1.39355e+06  1.39479e+06
1.22733e+06  1.22854e+06   1.38284e+06  1.38406e+06   1.37e+06  1.37122e+06  1.37775e+06  1.37897e+06
1.21342e+06  1.21462e+06   1.36717e+06  1.36837e+06   1.35448e+06  1.35568e+06  1.36214e+06  1.36334e+06
1.19966e+06  1.20085e+06   1.35167e+06  1.35286e+06   1.33912e+06  1.34031e+06  1.3467e+06  1.34789e+06
1.18607e+06  1.18724e+06   1.33635e+06  1.33753e+06   1.32395e+06  1.32512e+06  1.33144e+06  1.33261e+06
1.17262e+06  1.1738e+06   1.32121e+06  1.32238e+06   1.30894e+06  1.31012e+06  1.31634e+06  1.31752e+06
1.15933e+06  1.1605e+06   1.30623e+06  1.30739e+06   1.2941e+06  1.29527e+06  1.30142e+06  1.30259e+06
1.14619e+06  1.14734e+06   1.29143e+06  1.29258e+06   1.27944e+06  1.28059e+06  1.28667e+06  1.28782e+06
1.1332e+06  1.13432e+06   1.27679e+06  1.27791e+06   1.26494e+06  1.26606e+06  1.27209e+06  1.27321e+06
1.12036e+06  1.12147e+06   1.26232e+06  1.26343e+06   1.2506e+06  1.25171e+06  1.25767e+06  1.25878e+06
1.10766e+06  1.10875e+06   1.24801e+06  1.24911e+06   1.23642e+06  1.23752e+06  1.24342e+06  1.24451e+06
1.0951e+06  1.0962e+06   1.23387e+06  1.23496e+06   1.22241e+06  1.22351e+06  1.22932e+06  1.23042e+06
1.08269e+06  1.08378e+06   1.21988e+06  1.22097e+06   1.20856e+06  1.20964e+06  1.21539e+06  1.21648e+06
1.07042e+06  1.07148e+06   1.20605e+06  1.20711e+06   1.19486e+06  1.19592e+06  1.20162e+06  1.20267e+06
1.05829e+06  1.05933e+06   1.19238e+06  1.19343e+06   1.18131e+06  1.18236e+06  1.188e+06  1.18904e+06
1.04629e+06  1.04734e+06   1.17887e+06  1.17992e+06   1.16793e+06  1.16897e+06  1.17453e+06  1.17558e+06
1.03443e+06  1.03546e+06   1.16551e+06  1.16653e+06   1.15469e+06  1.15571e+06  1.16122e+06  1.16224e+06
1.02271e+06  1.02374e+06   1.1523e+06  1.15332e+06   1.1416e+06  1.14263e+06  1.14806e+06  1.14908e+06
1.01112e+06  1.01213e+06   1.13924e+06  1.14025e+06   1.12866e+06  1.12968e+06  1.13505e+06  1.13606e+06
999658  1.00066e+06   1.12633e+06  1.12733e+06   1.11587e+06  1.11687e+06  1.12218e+06  1.12318e+06
988328  989319   1.11356e+06  1.11455e+06   1.10322e+06  1.10421e+06  1.10946e+06  1.11045e+06
977126  978106   1.10094e+06  1.10192e+06   1.09072e+06  1.0917e+06  1.09689e+06  1.09787e+06
966051  967034   1.08846e+06  1.08944e+06   1.07835e+06  1.07934e+06  1.08445e+06  1.08544e+06
955102  956060   1.07612e+06  1.07708e+06   1.06613e+06  1.06709e+06  1.07216e+06  1.07312e+06
944276  945237   1.06393e+06  1.06489e+06   1.05405e+06  1.05501e+06  1.06001e+06  1.06097e+06
933574  934523   1.05187e+06  1.05282e+06   1.0421e+06  1.04305e+06  1.048e+06  1.04895e+06
922992  923918   1.03995e+06  1.04087e+06   1.03029e+06  1.03122e+06  1.03612e+06  1.03704e+06
912531  913446   1.02816e+06  1.02907e+06   1.01861e+06  1.01953e+06  1.02437e+06  1.02529e+06
902188  903106   1.0165e+06  1.01742e+06   1.00707e+06  1.00799e+06  1.01276e+06  1.01368e+06
891963  892870   1.00498e+06  1.00589e+06   995653  996561  1.00128e+06  1.00219e+06
881853  882737   993593  994477   984368  985253  989936  990821
871858  872745   982331  983218   973211  974098  978716  979603
861976  862853   971197  972074   962181  963058  967623  968500
852206  853061   960190  961044   951275  952130  956656  957511
842547  843416   949307  950176   940493  941363  945813  946682
832997  833845   938547  939394   929833  930681  935093  935940
823556  824394   927909  928747   919294  920132  924494  925332
814222  815050   917392  918220   908875  909703  914016  914844
804993  805824   906994  907825   898574  899404  903656  904487
795869  796679   896714  897524   888389  889199  893414  894224
786849  787661   886551  887363   878320  879132  883288  884100
777930  778722   876502  877294   868365  869156  873276  874068
769113  769907   866568  867361   858522  859316  863379  864172
760396  761180   856746  857531   848792  849576  853593  854377
751777  752553   847035  847811   839171  839947  843918  844694
743256  744023   837435  838202   829660  830427  834353  835120
734832  735590   827943  828701   820257  821015  824896  825654
726504  727253   818559  819309   810960  811709  815547  816296
718269  719010   809281  810023   801768  802509  806303  807044
710128  710861   800109  800842   792681  793413  797164  797897
702079  702814   791040  791775   783696  784431  788129  788864
694122  694848   782074  782801   774814  775540  779196  779923
686255  686963   773210  773918   766032  766740  770365  771073
678476  679186   764446  765157   757349  758059  761633  762343
670786  671488   755782  756484   748765  749467  753001  753703
663184  663878   747216  747910   740279  740973  744466  745160
655667  656363   738747  739443   731888  732584  736028  736724
648235  648924   730374  731062   723593  724281  727686  728374
640888  641569   722095  722776   715391  716072  719438  720118
633624  634297   713911  714584   707283  707956  711284  711956
626443  627108   705819  706484   699267  699932  703222  703887
619342  620000   697820  698477   691341  691998  695251  695909
612323  612982   689910  690570   683505  684164  687371  688030
605382  606025   682091  682733   675758  676401  679580  680223
598521  599165   674360  675004   668099  668743  671878  672522
591737  592374   666716  667354   660527  661164  664263  664900
585030  585660   659160  659790   653040  653670  656734  657364
578399  579022   651689  652311   645638  646261  649290  649913
571844  572468   644302  644927   638321  638945  641931  642556
565362  565971   637000  637608   631086  631694  634655  635264
558954  559565   629780  630390   623933  624543  627462  628072
552619  553223   622642  623245   616861  617464  620350  620954
546356  546952   615585  616181   609869  610466  613319  613916
540163  540753   608607  609197   602957  603547  606367  606957
534041  534624   601709  602292   596123  596706  599495  600078
527988  528573   594889  595474   589366  589951  592700  593285
522003  522573   588147  588717   582686  583256  585982  586552
516087  516659   581481  582052   576082  576654  579341  579912
510238  510803   574890  575455   569553  570118  572774  573339
504454  505021   568374  568941   563097  563664  566282  566849
498737  499289   561932  562484   556715  557267  559864  560416
493084  493630   555563  556109   550405  550951  553518  554064
487495  488051   549266  549822   544167  544722  547245  547800
481970  482511   543041  543582   537999  538540  541042  541583
476507  477042   536886  537421   531901  532436  534910  535445
471106  471643   530800  531337   525872  526409  528847  529384
465767  466297   524784  525315   519912  520443  522853  523384
460488  461012   518836  519361   514019  514544  516927  517451
455268  455787   512956  513474   508193  508712  511068  511587
450108  450621   507142  507655   502433  502946  505275  505788
445007  445521   501394  501908   496739  497253  499548  500063
439963  440471   495711  496219   491108  491617  493886  494395
434976  435479   490092  490595   485542  486045  488288  488791
430046  430543   484537  485034   480039  480536  482754  483251
425172  425663   479046  479537   474598  475089  477282  477774
420353  420846   473616  474109   469219  469712  471873  472366
415588  416076   468248  468735   463901  464388  466525  467012
410878  411360   462941  463422   458643  459124  461237  461719
406221  406697   457694  458170   453444  453920  456009  456485
401617  402094   452506  452983   448305  448782  450841  451318
397065  397537   447377  447849   443224  443696  445731  446203
392564  393031   442307  442773   438200  438667  440679  441145
388115  388577   437293  437755   433233  433695  435684  436145
383716  384172   432337  432793   428323  428779  430746  431202
379367  379818   427437  427888   423468  423919  425864  426315
375067  375519   422592  423044   418669  419121  421037  421489
370816  371263   417802  418249   413923  414371  416265  416712
366613  367055   413067  413509   409232  409674  411547  411989
362458  362895   408385  408822   404594  405031  406882  407319
358350  358782   403756  404188   400008  400440  402270  402703
354288  354721   399180  399613   395474  395907  397711  398144
350272  350701   394656  395084   390992  391420  393203  393632
346302  346726   390183  390606   386560  386984  388747  389170
342377  342796   385760  386179   382179  382598  384340  384759
338497  338917   381388  381808   377847  378267  379984  380404
334660  335070   377065  377474   373564  373974  375677  376087
330867  331278   372791  373202   369330  369741  371419  371830
327117  327529   368566  368978   365144  365556  367210  367621
323409  323816   364389  364796   361006  361413  363048  363455
319744  320146   360259  360661   356914  357316  358933  359335
316120  316517   356175  356573   352869  353266  354865  355262
312537  312930   352138  352532   348869  349262  350842  351236
308994  309389   348147  348542   344915  345309  346866  347260
305492  305882   344201  344591   341006  341396  342934  343324
302030  302415   340300  340685   337141  337526  339048  339433
298606  298993   336443  336829   333319  333706  335205  335591
295222  295604   332630  333012   329541  329924  331405  331788
291876  292254   328860  329237   325806  326184  327649  328027
288568  288941   325132  325506   322114  322487  323936  324309
285297  285666   321447  321816   318463  318832  320264  320633
282063  282434   317804  318174   314853  315224  316634  317004
278866  279233   314202  314568   311285  311651  313045  313411
275706  276068   310640  311002   307756  308118  309497  309859
272581  272944   307120  307483   304268  304631  305989  306352
269491  269850   303639  303997   300820  301178  302521  302880
266437  266792   300197  300552   297410  297765  299092  299447
263417  263768   296795  297145   294039  294390  295702  296053
260431  260783   293431  293782   290706  291058  292351  292703
257480  257827   290105  290453   287412  287759  289037  289385
254561  254905   286817  287161   284154  284498  285761  286105
251676  252021   283566  283911   280933  281278  282522  282867
248823  249164   280352  280693   277749  278090  279320  279661
246003  246340   277174  277511   274601  274938  276154  276491
243215  243548   274033  274366   271489  271822  273024  273357
240458  240792   270927  271261   268412  268746  269930  270264
237733  238063   267856  268186   265369  265700  266870  267201
235038  235365   264820  265147   262362  262688  263846  264172
232374  232702   261819  262146   259388  259715  260855  261183
229741  230064   258851  259175   256448  256772  257898  258222
227137  227457   255917  256237   253541  253861  254975  255296
224562  224883   253017  253338   250668  250989  252085  252406
222017  222334   250149  250466   247826  248144  249228  249546
219501  219814   247314  247627   245018  245331  246403  246717
217013  217323   244511  244821   242240  242551  243611  243921
214553  214864   241739  242050   239495  239806  240850  241161
212121  212429   238999  239307   236780  237088  238120  238427
209717  210021   236290  236594   234097  234401  235421  235725
207340  207645   233612  233917   231443  231748  232752  233057
204990  205291   230964  231266   228820  229122  230114  230416
202667  202965   228347  228645   226227  226525  227506  227804
200370  200664   225759  226053   223663  223957  224928  225222
198099  198394   223200  223495   221128  221423  222378  222674
195853  196145   220670  220962   218621  218913  219858  220150
193633  193926   218169  218462   216143  216436  217366  217659
191439  191728   215696  215986   213693  213983  214902  215192
189269  189555   213251  213538   211271  211558  212466  212753
187124  187407   210834  211117   208877  209160  210058  210341
185003  185287   208445  208728   206509  206793  207677  207961
182906  183187   206082  206363   204169  204449  205324  205604
180833  181110   203746  204024   201855  202132  202996  203274
178783  179061   201437  201715   199567  199845  200696  200974
176757  177032   199154  199429   197305  197580  198421  198696
174753  175029   196897  197172   195069  195344  196172  196448
172773  173046   194665  194938   192858  193130  193948  194221
170815  171088   192459  192732   190672  190945  191750  192024
168878  169149   190277  190548   188511  188781  189577  189847
166964  167232   188121  188388   186374  186641  187428  187696
165072  165336   185988  186253   184262  184526  185304  185568
163201  163466   183880  184145   182173  182438  183204  183469
161351  161613   181796  182058   180108  180370  181127  181389
159522  159785   179736  179998   178067  178330  179074  179337
157714  157974   177698  177958   176049  176308  177044  177304
155927  156184   175684  175941   174053  174310  175038  175295
154160  154417   173693  173951   172081  172338  173054  173311
152412  152667   171724  171979   170130  170385  171092  171347
150685  150937   169778  170030   168202  168454  169153  169405
148977  149229   167854  168106   166295  166548  167236  167489
147288  147538   165951  166201   164411  164660  165341  165590
145619  145866   164070  164317   162547  162794  163467  163713
143968  144216   162211  162458   160705  160952  161614  161861
142337  142581   160372  160617   158883  159128  159782  160027
140723  140965   158555  158796   157083  157324  157971  158213
139128  139371   156757  157000   155302  155545  156181  156423
137552  137791   154981  155221   153542  153782  154410  154650
135992  136230   153224  153461   151802  152039  152660  152897
134451  134689   151488  151725   150081  150319  150930  151168
132927  133162   149771  150006   148380  148615  149219  149454
131421  131653   148073  148305   146698  146931  147528  147760
129931  130164   146395  146628   145036  145269  145856  146089
128458  128692   144735  144969   143392  143625  144203  144436
127002  127233   143095  143326   141766  141997  142568  142799
125563  125795   141473  141705   140160  140391  140952  141184
124140  124369   139870  140099   138571  138800  139355  139584
122733  122962   138284  138514   137000  137230  137775  138005
121342  121569   136717  136944   135448  135675  136214  136441
119966  120191   135167  135392   133912  134137  134670  134894
118607  118832   133635  133860   132395  132620  133144  133369
117262  117485   132121  132343   130894  131117  131634  131857
115933  116156   130623  130846   129410  129634  130142  130366
114619  114840   129143  129363   127944  128164  128667  128888
113320  113538   127679  127897   126494  126712  127209  127427
112036  112251   126232  126447   125060  125276  125767  125983
110766  110982   124801  125017   123642  123859  124342  124558
109510  109724   123387  123600   122241  122455  122932  123146
108269  108484   121988  122202   120856  121070  121539  121754
107042  107254   120605  120817   119486  119698  120162  120374
105829  106041   119238  119451   118131  118344  118800  119012
104629  104840   117887  118097   116793  117003  117453  117663
103443  103651   116551  116759   115469  115677  116122  116330
102271  102479   115230  115438   114160  114368  114806  115014
101112  101318   113924  114130   112866  113072  113505  113710
99965.8  100172   112633  112839   111587  111793  112218  112425
98832.8  99037   111356  111560   110322  110526  110946  111150
97712.6  97917.4   110094  110299   109072  109276  109689  109893
96605.1  96807.6   108846  109048   107835  108038  108445  108648
95510.2  95713.2   107612  107815   106613  106816  107216  107419
94427.6  94628.4   106393  106593   105405  105606  106001  106202
93357.4  93555.8   105187  105385   104210  104409  104800  104998
92299.2  92498.2   103995  104194   103029  103228  103612  103811
91253.1  91452.7   102816  103015   101861  102061  102437  102637
90218.8  90416.1   101650  101848   100707  100904  101276  101474
89196.3  89391.3   100498  100693   99565.3  99760.4  100128  100324
88185.3  88380.9   99359.3  99554.9   98436.8  98632.4  98993.6  99189.2
87185.8  87379.2   98233.1  98426.5   97321.1  97514.5  97871.6  98065
86197.6  86391.5   97119.7  97313.7   96218.1  96412  96762.3  96956.2
85220.6  85412.3   96019  96210.7   95127.5  95319.2  95665.6  95857.3
84254.7  84447   94930.7  95122.9   94049.3  94241.6  94581.3  94773.5
83299.7  83489.8   93854.7  94044.8   92983.3  93173.4  93509.3  93699.4
82355.6  82543.5   92790.9  92978.8   91929.4  92117.4  92449.4  92637.3
81422.2  81610.6   91739.2  91927.7   90887.5  91075.9  91401.6  91590
80499.3  80688.3   90699.4  90888.4   89857.4  90046.3  90365.6  90554.6
79586.9  79773.7   89671.4  89858.2   88838.9  89025.7  89341.4  89528.2
78684.9  78872.2   88655.1  88842.4   87832  88019.3  88328.8  88516.1
77793  77978.2   87650.2  87835.4   86836.5  87021.7  87327.6  87512.9
76911.3  77097   86656.8  86842.5   85852.2  86038  86337.9  86523.6
76039.6  76223.2   85674.6  85858.2   84879.2  85062.8  85359.3  85542.9
75177.7  75361.9   84703.5  84887.7   83917.1  84101.3  84391.8  84575.9
74325.6  74507.7   83743.5  83925.5   82966  83148.1  83435.3  83617.3
73483.2  73665.8   82794.3  82976.9   82025.7  82208.2  82489.6  82672.2
72650.4  72830.8   81855.9  82036.4   81096  81276.4  81554.7  81735.1
71826.9  72007.9   80928.1  81109.1   80176.8  80357.8  80630.3  80811.3
71012.8  71191.8   80010.9  80189.8   79268.1  79447  79716.4  79895.4
70207.9  70387.4   79104  79283.5   78369.6  78549  78812.9  78992.3
69412.2  69589.6   78207.4  78384.8   77481.4  77658.8  77919.6  78097
68625.5  68800.8   77321  77496.4   76603.2  76778.6  77036.5  77211.8
67847.6  68023.5   76444.6  76620.5   75734.9  75910.8  76163.3  76339.2
67078.6  67255   75578.2  75754.6   74876.5  75052.9  75300.1  75476.4
66318.4  66492.7   74721.6  74896   74027.9  74202.2  74446.6  74621
65566.7  65741.5   73874.7  74049.5   73188.8  73363.7  73602.8  73777.6
64823.5  64996.4   73037.4  73210.2   72359.3  72532.1  72768.6  72941.4
64088.8  64262.2   72209.5  72382.9   71539.1  71712.5  71943.8  72117.1
63362.4  63533.8   71391.1  71562.5   70728.3  70899.7  71128.4  71299.7
62644.3  62816.1   70581.9  70753.8   69926.7  70098.5  70322.2  70494
61934.2  62104.1   69782  69951.9   69134.1  69304  69525.1  69695
61232.3  61402.6   68991  69161.4   68350.5  68520.9  68737.1  68907.5
60538.2  60706.7   68209.1  68377.5   67575.8  67744.3  67958  68126.5
59852.1  60021   67436  67604.9   66809.9  66978.8  67187.8  67356.7
59173.7  59340.7   66671.6  66838.6   66052.7  66219.7  66426.3  66593.3
58503  58670.5   65916  66083.4   65304  65471.5  65673.4  65840.8
57839.9  58005.5   65168.9  65334.4   64563.8  64729.4  64929  65094.6
57184.4  57350.4   64430.2  64596.3   63832.1  63998.1  64193.1  64359.1
56536.2  56700.4   63700  63864.1   63108.6  63272.7  63465.5  63629.7
55895.4  56060   62978  63142.6   62393.3  62557.9  62746.2  62910.8
55261.9  55427   62264.2  62429.2   61686.1  61851.2  62035  62200.1
54635.6  54798.7   61558.5  61721.6   60986.9  61150.1  61331.9  61495.1
54016.3  54179.9   60860.7  61024.4   60295.7  60459.3  60636.7  60800.4
53404.1  53565.9   60170.9  60332.7   59612.3  59774.1  59949.5  60111.3
52798.8  52961   59488.9  59651.2   58936.6  59098.9  59270  59432.2
52200.3  52360.7   58814.7  58975.1   58268.6  58429  58598.2  58758.6
51608.7  51769.5   58148.1  58308.9   57608.2  57769  57934.1  58094.9
51023.8  51182.8   57489  57648   56955.3  57114.3  57277.4  57436.4
50445.4  50604.9   56837.4  56996.9   56309.7  56469.2  56628.2  56787.7
49873.7  50033.6   56193.2  56353.1   55671.5  55831.4  55986.4  56146.3
49308.4  49466.5   55556.3  55714.4   55040.5  55198.6  55351.8  55509.9
48749.5  48905.8   54926.6  55082.9   54416.7  54573  54724.5  54880.8
48197  48353.7   54304.1  54460.8   53799.9  53956.6  54104.2  54260.9
47650.7  47807.9   53688.6  53845.7   53190.1  53347.3  53491  53648.1
47110.6  47266   53080  53235.4   52587.2  52742.6  52884.7  53040.1
46576.7  46730.3   52478.4  52632   51991.2  52144.8  52285.3  52438.9
46048.8  46202.8   51883.6  52037.7   51401.9  51556  51692.7  51846.7
45526.8  45681.3   51295.6  51450   50819.3  50973.8  51106.8  51261.3
45010.8  45163.5   50714.2  50866.9   50243.3  50396.1  50527.5  50680.2
44500.7  44653.8   50139.4  50292.5   49673.9  49827  49954.8  50108
43996.3  44149.9   49571.1  49724.6   49110.8  49264.4  49388.6  49542.2
43497.6  43649.5   49009.2  49161.1   48554.2  48706.1  48828.8  48980.7
43004.6  43156.9   48453.7  48606   48003.9  48156.2  48275.4  48427.7
42517.2  42667.7   47904.6  48055.1   47459.8  47610.3  47728.2  47878.8
42035.3  42186.2   47361.6  47512.5   46921.9  47072.8  47187.3  47338.2
41558.8  41708.1   46824.8  46974   46390.1  46539.3  46652.5  46801.7
41087.8  41237.5   46294.1  46443.7   45864.3  46013.9  46123.7  46273.3
40622.1  40772.2   45769.4  45919.4   45344.4  45494.5  45600.9  45751
40161.7  40310.1   45250.6  45399   44830.5  44978.9  45084.1  45232.4
39706.5  39855.3   44737.7  44886.5   44322.4  44471.2  44573.1  44721.9
39256.4  39403.5   44230.7  44377.7   43820  43967.1  44067.9  44215
38811.5  38959   43729.3  43876.8   43323.3  43470.8  43568.4  43715.9
38371.6  38519.5   43233.7  43381.6   42832.3  42980.2  43074.6  43222.5
37936.7  38082.9   42743.7  42889.9   42346.8  42493.1  42586.4  42732.6
37506.7  37651.3   42259.2  42403.8   41866.9  42011.4  42103.7  42248.3
37081.6  37226.6   41780.2  41925.2   41392.3  41537.3  41626.5  41771.4
36661.3  36806.7   41306.7  41452.1   40923.2  41068.6  41154.7  41300
36245.8  36391.6   40838.5  40984.3   40459.4  40605.1  40688.2  40834
35835  35979.1   40375.6  40519.8   40000.8  40144.9  40227  40371.2
35428.8  35571.3   39918  40060.5   39547.4  39689.9  39771.1  39913.6
35027.2  35170.1   39465.6  39608.5   39099.2  39242.1  39320.3  39463.2
34630.2  34773.5   39018.3  39161.6   38656  38799.3  38874.7  39018
34237.7  34379.4   38576  38717.7   38217.9  38359.5  38434  38575.7
33849.7  33991.7   38138.8  38280.9   37784.7  37926.8  37998.4  38140.5
33466  33608.5   37706.5  37849   37356.4  37498.9  37567.7  37710.2
33086.7  33229.6   37279.1  37422   36933  37075.9  37141.9  37284.8
32711.7  32852.9   36856.6  36997.8   36514.4  36655.7  36721  36862.2
32340.9  32482.6   36438.9  36580.5   36100.6  36242.2  36304.8  36446.4
31974.4  32114.4   36025.9  36165.9   35691.4  35831.4  35893.3  36033.3
31612  31752.4   35617.5  35758   35286.9  35427.3  35486.5  35626.9
31253.7  31392.5   35213.8  35352.7   34886.9  35025.7  35084.2  35223.1
30899.4  31038.6   34814.7  34953.9   34491.5  34630.7  34686.6  34825.8
30549.2  30686.8   34420.1  34557.8   34100.6  34238.2  34293.4  34431.1
30203  30341   34030  34168   33714.1  33852.1  33904.8  34042.8
29860.6  29997.1   33644.3  33780.7   33331.9  33468.4  33520.5  33656.9
29522.2  29659   33263  33399.8   32954.1  33091  33140.5  33277.4
29187.6  29324.8   32886  33023.2   32580.6  32717.8  32764.9  32902.1
28856.8  28994.3   32513.2  32650.8   32211.4  32348.9  32393.6  32531.1
28529.7  28665.7   32144.7  32280.7   31846.3  31982.3  32026.4  32162.4
28206.3  28342.7   31780.4  31916.8   31485.3  31621.7  31663.4  31799.8
27886.6  28021.5   31420.2  31555   31128.5  31263.3  31304.5  31439.4
27570.6  27705.8   31064  31199.3   30775.6  30910.9  30949.7  31084.9
27258.1  27391.8   30712  30845.7   30426.8  30560.5  30598.9  30732.6
26949.1  27083.2   30363.9  30497.9   30082  30216  30252.1  30386.2
26643.7  26778.1   30019.7  30154.2   29741  29875.4  29909.2  30043.7
26341.7  26474.6   29679.5  29812.4   29403.9  29536.8  29570.2  29703.1
26043.1  26176.4   29343.1  29476.4   29070.6  29203.9  29235.1  29368.4
25748  25881.6   29010.5  29144.1   28741.2  28874.8  28903.7  29037.4
25456.1  25588.3   28681.7  28813.8   28415.4  28547.5  28576.1  28708.3
25167.6  25300.1   28356.6  28489.1   28093.3  28225.8  28252.2  28384.7
24882.3  25015.2   28035.2  28168.1   27774.9  27907.8  27932  28064.9
24600.3  24731.7   27717.4  27848.8   27460.1  27591.5  27615.4  27746.8
24321.5  24453.2   27403.3  27535   27148.9  27280.6  27302.4  27434.2
24045.8  24177.9   27092.7  27224.8   26841.2  26973.3  26993  27125.1
23773.3  23903.9   26785.6  26916.2   26536.9  26667.5  26687  26817.6
23503.8  23633   26482  26611.1   26236.2  26365.3  26384.6  26513.7
23237.4  23366.9   26181.9  26311.4   25938.8  26068.3  26085.5  26215
22974.1  23103.9   25885.1  26015   25644.8  25774.6  25789.8  25919.7
22713.7  22843.9   25591.7  25721.9   25354.1  25484.3  25497.5  25627.7
22456.2  22584.9   25301.7  25430.4   25066.8  25195.5  25208.5  25337.3
22201.7  22330.8   25014.9  25144   24782.6  24911.7  24922.8  25051.9
21950.1  22077.7   24731.4  24859   24501.8  24629.4  24640.3  24768
21701.3  21829.3   24451.1  24579   24224  24352  24361.1  24489
21455.3  21583.6   24173.9  24302.3   23949.5  24077.8  24085  24213.3
21212.1  21339   23899.9  24026.8   23678  23804.9  23812  23938.8
20971.7  21098.9   23629  23756.3   23409.7  23536.9  23542.1  23669.3
20734  20861.6   23361.2  23488.8   23144.3  23271.9  23275.2  23402.8
20499  20628.8   23096.4  23226.2   22882  23011.8  23011.4  23141.2
20266.7  20398.6   22834.7  22966.6   22622.7  22754.6  22750.6  22882.6
20037  20167.4   22575.9  22706.3   22366.3  22496.7  22492.8  22623.2
19809.9  19937   22320  22447.2   22112.8  22239.9  22237.8  22365
19585.3  19712.9   22067  22194.5   21862.1  21989.7  21985.8  22113.3
19363.3  19489.4   21816.9  21943   21614.3  21740.4  21736.6  21862.7
19143.9  19268.5   21569.6  21694.3   21369.3  21494  21490.2  21614.9
18926.9  19051.9   21325.1  21450.1   21127.1  21252.2  21246.6  21371.7
18712.4  18837.7   21083.4  21208.8   20887.7  21013  21005.8  21131.2
18500.3  18624.2   20844.5  20968.4   20650.9  20774.9  20767.7  20891.7
18290.6  18414.9   20608.2  20732.5   20416.9  20541.2  20532.4  20656.6
18083.3  18206.2   20374.6  20497.5   20185.5  20308.3  20299.6  20422.5
17878.3  18001.5   20143.7  20266.9   19956.7  20079.9  20069.6  20192.8
17675.7  17799.2   19915.4  20038.9   19730.5  19854  19842.1  19965.6
17475.3  17597.5   19689.7  19811.8   19506.9  19629  19617.2  19739.4
17277.3  17399.8   19466.5  19589   19285.8  19408.3  19394.8  19517.3
17081.5  17204.3   19245.9  19368.7   19067.2  19190  19175  19297.9
16887.8  17011   19027.7  19150.9   18851.1  18974.2  18957.7  19080.9
16696.4  16818.2   18812.1  18933.8   18637.4  18759.2  18742.8  18864.6
16507.2  16629.3   18598.8  18721   18426.2  18548.3  18530.4  18652.5
16320.1  16440.8   18388  18508.8   18217.3  18338  18320.4  18441.1
16135.1  16256.2   18179.6  18300.7   18010.8  18131.9  18112.7  18233.8
15952.2  16073.7   17973.6  18095   17806.7  17928.1  17907.4  18028.8
15771.4  15893.2   17769.8  17891.6   17604.9  17726.6  17704.4  17826.2
15592.7  15713   17568.4  17688.8   17405.3  17525.7  17503.8  17624.1
15416  15536.7   17369.3  17490   17208.1  17328.8  17305.4  17426.1
15241.2  15362.3   17172.4  17293.5   17013  17134.1  17109.2  17230.3
15068.5  15188.1   16977.8  17097.5   16820.2  16939.9  16915.3  17035
14897.7  15017.7   16785.4  16905.4   16629.5  16749.5  16723.6  16843.6
14728.8  14849.2   16595.1  16715.5   16441.1  16561.4  16534.1  16654.4
14561.9  14680.9   16407  16526   16254.7  16373.7  16346.7  16465.6
14396.8  14516.1   16221.1  16340.4   16070.5  16189.8  16161.4  16280.7
14233.7  14351.6   16037.2  16155.2   15888.3  16006.3  15978.2  16096.1
14072.3  14190.6   15855.5  15973.7   15708.3  15826.5  15797.1  15915.4
13912.8  14031.4   15675.7  15794.3   15530.2  15648.8  15618.1  15736.7
13755.2  13872.4   15498.1  15615.3   15354.2  15471.4  15441  15558.3
13599.2  13718.5   15322.4  15441.7   15180.2  15299.4  15266  15385.3
13445.1  13563   15148.8  15266.7   15008.1  15126  15093  15210.9
13292.7  13411   14977.1  15095.3   14838  14956.2  14921.9  15040.2
13142.1  13259   14807.3  14924.2   14669.8  14786.7  14752.8  14869.7
12993.1  13110.3   14639.5  14756.7   14503.6  14620.8  14585.6  14702.8
12845.8  12961.7   14473.5  14589.4   14339.2  14455.1  14420.3  14536.2
12700.2  12816.5   14309.5  14425.7   14176.6  14292.9  14256.8  14373
12556.3  12671.2   14147.3  14262.2   14016  14130.9  14095.2  14210.1
12414  12529.2   13987  14102.2   13857.1  13972.3  13935.5  14050.7
12273.3  12388.8   13828.4  13944   13700  13815.6  13777.5  13893.1
12134.2  12250   13671.7  13787.5   13544.8  13660.6  13621.4  13737.2
11996.6  12111.2   13516.7  13631.3   13391.2  13505.8  13467  13581.5
11860.7  11975.5   13363.5  13478.4   13239.5  13354.3  13314.4  13429.2
11726.2  11839.8   13212.1  13325.6   13089.4  13203  13163.4  13277
11593.3  11707.2   13062.3  13176.2   12941  13054.9  13014.2  13128.1
11461.9  11576.1   12914.3  13028.5   12794.4  12908.6  12866.7  12980.9
11332  11446.5   12767.9  12882.4   12649.4  12763.9  12720.9  12835.4
11203.6  11316.8   12623.2  12736.4   12506  12619.2  12576.7  12689.9
11076.6  11190.1   12480.1  12593.6   12364.2  12477.8  12434.2  12547.7
10951  11064.9   12338.7  12452.5   12224.1  12337.9  12293.2  12407.1
10826.9  10939.5   12198.8  12311.4   12085.6  12198.1  12153.9  12266.5
10704.2  10817.1   12060.5  12173.4   11948.6  12061.4  12016.2  12129
10582.9  10694.5   11923.8  12035.4   11813.1  11924.7  11880  11991.5
10462.9  10574.8   11788.7  11900.6   11679.3  11791.1  11745.3  11857.2
10344.3  10456.5   11655.1  11767.3   11546.9  11659.1  11612.2  11724.4
10227.1  10338   11523  11633.9   11416  11526.9  11480.6  11591.5
10111.2  10222.4   11392.4  11503.6   11286.6  11397.8  11350.5  11461.7
9996.58  10108.1   11263.3  11374.8   11158.7  11270.2  11221.8  11333.3
9883.28  9993.56   11135.6  11245.9   11032.2  11142.5  11094.6  11204.9
9771.26  9881.85   11009.4  11120   10907.2  11017.8  10968.9  11079.5
9660.51  9772.99   10884.6  10997.1   10783.5  10896  10844.5  10957
9551.02  9662.22   10761.2  10872.4   10661.3  10772.5  10721.6  10832.8
9442.76  9554.28   10639.3  10750.8   10540.5  10652  10600.1  10711.6
9335.74  9447.56   10518.7  10630.5   10421  10532.8  10480  10591.8
9229.92  9342.05   10399.5  10511.6   10302.9  10415  10361.2  10473.3
9125.31  9237.75   10281.6  10394   10186.1  10298.6  10243.7  10356.2
9021.88  9134.64   10165  10277.8   10070.7  10183.4  10127.6  10240.4
8919.63  9032.7   10049.8  10162.9   9956.53  10069.6  10012.8  10125.9
8818.53  8935.17   9935.93  10052.6   9843.68  9960.32  9899.36  10016
8718.58  8838.91   9823.31  9943.64   9732.11  9852.44  9787.16  9907.49
8619.76  8743.89   9711.97  9836.11   9621.81  9745.94  9676.23  9800.36
8522.06  8650.12   9601.9  9729.95   9512.75  9640.81  9566.56  9694.61
8425.47  8555.71   9493.07  9623.31   9404.93  9535.17  9458.13  9588.37
8329.97  8460.58   9385.47  9516.07   9298.33  9428.94  9350.93  9481.53
8235.56  8364.68   9279.09  9408.22   9192.94  9322.07  9244.94  9374.07
8142.22  8269.88   9173.92  9301.58   9088.75  9216.41  9140.16  9267.82
8049.93  8176.15   9069.94  9196.16   8985.74  9111.95  9036.56  9162.78
7958.69  8085.26   8967.14  9093.71   8883.89  9010.45  8934.14  9060.7
7868.49  7993.62   8865.51  8990.64   8783.2  8908.33  8832.88  8958.01
7779.3  7903.02   8765.02  8888.73   8683.65  8807.36  8732.76  8856.48
7691.13  7811.72   8665.68  8786.27   8585.22  8705.81  8633.79  8754.37
7603.96  7721.5   8567.46  8685   8487.92  8605.46  8535.93  8653.47
7517.77  7633.98   8470.35  8586.57   8391.71  8507.93  8439.18  8555.39
7432.56  7547.46   8374.35  8489.24   8296.6  8411.49  8343.53  8458.42
7348.32  7461.91   8279.43  8393.02   8202.57  8316.16  8248.96  8362.55
7265.04  7377.34   8185.59  8297.9   8109.6  8221.9  8155.47  8267.77
7182.69  7295.31   8092.81  8205.43   8017.68  8130.3  8063.03  8175.65
7101.28  7212.62   8001.09  8112.43   7926.81  8038.15  7971.64  8082.98
7020.79  7132.44   7910.4  8022.05   7836.96  7948.61  7881.29  7992.94
6941.22  7051.6   7820.74  7931.13   7748.14  7858.52  7791.96  7902.35
6862.55  6971.68   7732.1  7841.24   7660.32  7769.45  7703.65  7812.78
6784.76  6894.2   7644.46  7753.9   7573.49  7682.93  7616.33  7725.77
6707.86  6816.06   7557.82  7666.02   7487.65  7595.85  7530.01  7638.2
6631.84  6740.33   7472.16  7580.65   7402.79  7511.28  7444.66  7553.15
6556.67  6665.47   7387.47  7496.27   7318.88  7427.68  7360.28  7469.08
6482.35  6591.45   7303.74  7412.84   7235.93  7345.03  7276.86  7385.96
6408.88  6516.75   7220.95  7328.82   7153.91  7261.78  7194.38  7302.24
6336.24  6444.41   7139.11  7247.27   7072.83  7180.99  7112.84  7221
6264.43  6371.36   7058.19  7165.13   6992.67  7099.6  7032.22  7139.15
6193.42  6300.66   6978.2  7085.43   6913.41  7020.64  6952.51  7059.75
6123.23  6230.76   6899.1  7006.63   6835.05  6942.58  6873.71  6981.24
6053.82  6160.14   6820.91  6927.22   6757.58  6863.89  6795.8  6902.12
5985.21  6091.82   6743.6  6850.2   6680.99  6787.6  6718.78  6825.39
5917.37  6024.27   6667.16  6774.07   6605.27  6712.17  6642.63  6749.53
5850.3  5957.5   6591.6  6698.8   6530.4  6637.6  6567.34  6674.54
5783.99  5891.49   6516.89  6624.38   6456.38  6563.88  6492.9  6600.4
5718.44  5826.23   6443.02  6550.82   6383.21  6491  6419.31  6527.11
5653.62  5761.72   6370  6478.09   6310.86  6418.95  6346.55  6454.65
5589.54  5699.49   6297.8  6407.74   6239.33  6349.27  6274.62  6384.56
5526.19  5636.44   6226.42  6336.67   6168.61  6278.86  6203.5  6313.75
5463.56  5575.69   6155.85  6267.98   6098.69  6210.83  6133.19  6245.32
5401.63  5514.07   6086.07  6198.52   6029.57  6142.01  6063.67  6176.12
5340.41  5454.77   6017.09  6131.46   5961.23  6075.59  5994.95  6109.31
5279.88  5392.95   5948.89  6061.96   5893.66  6006.73  5927  6040.07
5220.03  5333.42   5881.47  5994.85   5826.86  5940.25  5859.82  5973.2
5160.87  5272.97   5814.81  5926.9   5760.82  5872.92  5793.41  5905.5
5102.38  5213.2   5748.9  5859.73   5695.53  5806.35  5727.74  5838.57
5044.54  5155.68   5683.74  5794.88   5630.97  5742.11  5662.82  5773.96
4987.37  5097.24   5619.32  5729.19   5567.15  5677.02  5598.64  5708.51
4930.84  5039.47   5555.63  5664.26   5504.05  5612.68  5535.18  5643.81
4874.95  4982.35   5492.66  5600.06   5441.67  5549.06  5472.45  5579.84
4819.7  4925.88   5430.41  5536.59   5379.99  5486.17  5410.42  5516.6
4765.07  4870.05   5368.86  5473.83   5319.01  5423.99  5349.1  5454.07
4711.06  4816.33   5308  5413.27   5258.72  5363.99  5288.47  5393.74
4657.67  4763.23   5247.84  5353.4   5199.12  5304.68  5228.53  5334.09
4604.88  4709.24   5188.36  5292.73   5140.19  5244.56  5169.27  5273.63
4552.68  4657.34   5129.56  5234.21   5081.93  5186.59  5110.68  5215.33
4501.08  4607.52   5071.42  5177.86   5024.33  5130.78  5052.75  5159.19
4450.07  4555.3   5013.94  5119.17   4967.39  5072.62  4995.48  5100.72
4399.63  4503.67   4957.11  5061.15   4911.08  5015.13  4938.86  5042.91
4349.76  4452.63   4900.92  5003.79   4855.42  4958.29  4882.88  4985.75
4300.46  4403.61   4845.37  4948.52   4800.39  4903.54  4827.54  4930.69
4251.72  4355.15   4790.46  4893.89   4745.98  4849.42  4772.82  4876.26
4203.53  4308.73   4736.16  4841.36   4692.19  4797.39  4718.73  4823.93
4155.88  4261.38   4682.48  4787.97   4639.01  4744.5  4665.25  4770.74
4108.78  4214.57   4629.41  4735.2   4586.43  4692.22  4612.37  4718.16
4062.21  4166.8   4576.94  4681.53   4534.44  4639.03  4560.09  4664.68
4016.17  4121.05   4525.06  4629.94   4483.05  4587.93  4508.41  4613.29
3970.65  4075.82   4473.77  4578.94   4432.24  4537.41  4457.31  4562.48
3925.64  4029.62   4423.07  4527.05   4382  4485.98  4406.79  4510.77
3881.15  3985.42   4372.93  4477.2   4332.33  4436.6  4356.84  4461.11
3837.16  3940.25   4323.37  4426.46   4283.23  4386.32  4307.46  4410.54
3793.67  3897.04   4274.37  4377.74   4234.68  4338.06  4258.64  4362.01
3750.67  3852.87   4225.92  4328.12   4186.69  4288.89  4210.37  4312.57
3708.16  3810.65   4178.02  4280.51   4139.23  4241.72  4162.65  4265.13
3666.13  3767.45   4130.67  4231.99   4092.32  4193.64  4115.47  4216.79
3624.58  3726.18   4083.85  4185.46   4045.94  4147.54  4068.82  4170.43
3583.5  3683.95   4037.56  4138.02   4000.08  4100.53  4022.7  4123.16
3542.88  3643.61   3991.8  4092.53   3954.74  4055.47  3977.11  4077.84
3502.72  3603.74   3946.56  4047.57   3909.92  4010.93  3932.03  4033.04
3463.02  3564.32   3901.83  4003.12   3865.6  3966.89  3887.47  3988.76
3423.77  3523.92   3857.6  3957.75   3821.79  3921.93  3843.4  3943.55
3384.97  3485.39   3813.88  3914.3   3778.47  3878.89  3799.84  3900.26
3346.6  3445.89   3770.65  3869.94   3735.64  3834.93  3756.77  3856.06
3308.67  3408.23   3727.91  3827.47   3693.3  3792.86  3714.19  3813.75
3271.17  3371.01   3685.66  3785.5   3651.44  3751.28  3672.1  3771.93
3234.09  3332.8   3643.89  3742.59   3610.06  3708.76  3630.48  3729.18
3197.44  3296.42   3602.59  3701.57   3569.14  3668.12  3589.33  3688.31
3161.2  3260.45   3561.75  3661.01   3528.69  3627.94  3548.65  3647.9
3125.37  3223.5   3521.38  3619.51   3488.69  3586.82  3508.42  3606.55
3089.94  3188.34   3481.47  3579.87   3449.15  3547.55  3468.66  3567.06
3054.92  3152.21   3442.01  3539.3   3410.06  3507.34  3429.34  3526.63
3020.3  3117.85   3403  3500.56   3371.41  3468.96  3390.48  3488.03
2986.06  3083.89   3364.43  3462.26   3333.19  3431.02  3352.05  3449.87
2952.22  3050.32   3326.3  3424.39   3295.41  3393.51  3314.05  3412.15
2918.76  3017.13   3288.6  3386.97   3258.06  3356.43  3276.49  3374.86
2885.68  2982.93   3251.32  3348.58   3221.14  3318.39  3239.36  3336.61
2852.97  2950.5   3214.47  3312   3184.63  3282.15  3202.64  3300.17
2820.63  2917.05   3178.04  3274.46   3148.53  3244.95  3166.34  3262.76
2788.66  2885.35   3142.02  3238.7   3112.85  3209.53  3130.45  3227.14
2757.06  2854.01   3106.4  3203.36   3077.56  3174.52  3094.97  3191.93
2725.81  2823.03   3071.2  3168.42   3042.68  3139.91  3059.89  3157.12
2694.91  2791.04   3036.39  3132.51   3008.2  3104.32  3025.21  3121.34
2664.37  2760.76   3001.97  3098.36   2974.1  3070.49  2990.92  3087.31
2634.17  2730.83   2967.95  3064.6   2940.39  3037.05  2957.02  3053.68
2604.31  2699.88   2934.31  3029.87   2907.06  3002.63  2923.51  3019.07
2574.8  2670.62   2901.05  2996.88   2874.12  2969.94  2890.37  2986.2
2545.61  2641.71   2868.17  2964.26   2841.54  2937.63  2857.61  2953.71
2516.76  2611.76   2835.66  2930.66   2809.33  2904.34  2825.22  2920.23
2488.23  2583.5   2803.52  2898.79   2777.49  2872.76  2793.2  2888.47
2460.03  2555.57   2771.74  2867.28   2746.01  2841.54  2761.54  2857.08
2432.15  2526.6   2740.33  2834.78   2714.89  2809.34  2730.24  2824.69
2404.58  2499.3   2709.27  2803.98   2684.12  2778.83  2699.3  2794.01
2377.33  2472.3   2678.56  2773.54   2653.69  2748.67  2668.7  2763.68
2350.38  2444.28   2648.2  2742.1   2623.62  2717.51  2638.46  2732.35
2323.74  2417.9   2618.19  2712.35   2593.88  2688.04  2608.55  2702.71
2297.41  2390.5   2588.51  2681.6   2564.48  2657.57  2578.98  2672.08
2271.37  2364.72   2559.17  2652.52   2535.41  2628.76  2549.75  2643.1
2245.62  2339.23   2530.17  2623.78   2506.68  2600.29  2520.85  2614.46
2220.17  2312.72   2501.49  2594.04   2478.26  2570.81  2492.28  2584.83
2195.01  2287.81   2473.14  2565.94   2450.18  2542.98  2464.03  2556.84
2170.13  2263.19   2445.11  2538.17   2422.4  2515.47  2436.11  2529.17
2145.53  2237.54   2417.39  2509.4   2394.95  2486.96  2408.5  2500.5
2121.21  2213.48   2389.99  2482.26   2367.8  2460.07  2381.2  2473.46
2097.17  2189.69   2362.9  2455.43   2340.97  2433.49  2354.21  2446.73
2073.4  2164.87   2336.12  2427.6   2314.43  2405.91  2327.52  2419
2049.9  2141.63   2309.64  2401.37   2288.2  2379.93  2301.14  2392.87
2026.67  2118.65   2283.47  2375.45   2262.27  2354.25  2275.06  2367.04
2003.7  2094.63   2257.59  2348.52   2236.63  2327.56  2249.28  2340.21
1980.99  2072.18   2232  2323.19   2211.28  2302.47  2223.78  2314.97
1958.53  2049.98   2206.7  2298.14   2186.21  2277.66  2198.58  2290.02
1936.33  2028.03   2181.69  2273.39   2161.43  2253.13  2173.66  2265.36
1914.39  2005.05   2156.96  2247.62   2136.93  2227.59  2149.02  2239.68
1892.69  1983.6   2132.51  2223.42   2112.71  2203.63  2124.66  2215.58
1871.24  1961.12   2108.34  2198.22   2088.77  2178.65  2100.58  2190.46
1850.03  1940.16   2084.45  2174.58   2065.09  2155.22  2076.77  2166.9
1829.06  1919.44   2060.82  2151.2   2041.69  2132.07  2053.24  2143.62
1808.33  1898.96   2037.46  2128.1   2018.55  2109.18  2029.96  2120.6
1787.83  1877.44   2014.37  2103.98   1995.67  2085.28  2006.96  2096.56
1767.57  1857.42   1991.54  2081.39   1973.05  2062.9  1984.21  2074.06
1747.53  1837.64   1968.97  2059.07   1950.69  2040.79  1961.72  2051.82
1727.73  1818.08   1946.65  2037   1928.58  2018.93  1939.48  2029.84
1708.15  1798.75   1924.59  2015.19   1906.72  1997.32  1917.5  2008.11
1688.78  1778.36   1902.77  1992.35   1885.11  1974.68  1895.77  1985.35
1669.64  1759.47   1881.21  1971.03   1863.74  1953.56  1874.28  1964.11
1650.72  1740.79   1859.88  1949.96   1842.62  1932.69  1853.04  1943.11
1632.01  1721.06   1838.8  1927.85   1821.73  1910.78  1832.04  1921.09
1613.51  1702.81   1817.96  1907.26   1801.08  1890.38  1811.27  1900.57
1595.22  1684.77   1797.36  1886.91   1780.67  1870.22  1790.74  1880.29
1577.14  1665.68   1776.98  1865.52   1760.49  1849.02  1770.44  1858.98
1559.27  1648.05   1756.84  1845.62   1740.53  1829.31  1750.38  1839.16
1541.6  1630.62   1736.93  1825.95   1720.81  1809.83  1730.54  1819.56
1524.12  1613.39   1717.24  1806.52   1701.3  1790.57  1710.92  1800.2
1506.85  1595.11   1697.78  1786.04   1682.02  1770.28  1691.53  1779.79
1489.77  1578.27   1678.54  1767.04   1662.95  1751.46  1672.36  1760.87
1472.88  1561.64   1659.51  1748.27   1644.11  1732.86  1653.41  1742.16
1456.19  1543.94   1640.7  1728.45   1625.47  1713.22  1634.67  1722.41
1439.68  1527.67   1622.11  1710.1   1607.05  1695.04  1616.14  1704.13
1423.37  1511.6   1603.72  1691.95   1588.83  1677.07  1597.82  1686.05
1407.23  1494.47   1585.55  1672.78   1570.83  1658.06  1579.71  1666.94
1391.28  1478.76   1567.57  1655.05   1553.02  1640.5  1561.81  1649.28
1375.52  1463.24   1549.81  1637.53   1535.42  1623.14  1544.1  1631.82
1359.92  1447.89   1532.24  1620.21   1518.02  1605.98  1526.6  1614.57
1344.51  1431.48   1514.88  1601.84   1500.81  1587.78  1509.3  1596.27
1329.27  1416.48   1497.71  1584.91   1483.8  1571.01  1492.19  1579.4
1314.21  1401.66   1480.73  1568.18   1466.98  1554.43  1475.28  1562.73
1299.31  1387   1463.95  1551.64   1450.36  1538.05  1458.56  1546.25
1284.58  1371.28   1447.35  1534.05   1433.92  1520.62  1442.03  1528.73
1270.02  1356.96   1430.95  1517.89   1417.66  1504.6  1425.68  1512.62
1255.63  1342.81   1414.73  1501.91   1401.6  1488.78  1409.52  1496.71
1241.4  1328.82   1398.7  1486.12   1385.71  1473.14  1393.55  1480.97
1227.33  1313.76   1382.84  1469.28   1370  1456.44  1377.75  1464.19
1213.42  1300.09   1367.17  1453.84   1354.48  1441.15  1362.14  1448.81
1199.66  1286.58   1351.67  1438.59   1339.12  1426.04  1346.7  1433.61
1186.07  1271.99   1336.35  1422.28   1323.95  1409.88  1331.44  1417.36
1172.62  1258.79   1321.21  1407.37   1308.94  1395.11  1316.34  1402.51
1159.33  1245.74   1306.23  1392.64   1294.1  1380.51  1301.42  1387.83
1146.19  1231.62   1291.43  1376.85   1279.44  1364.86  1286.67  1372.1
1133.2  1218.87   1276.79  1362.45   1264.94  1350.6  1272.09  1357.76
1120.36  1206.26   1262.32  1348.22   1250.6  1336.5  1257.67  1343.57
1107.66  1193.8   1248.01  1334.15   1236.42  1322.56  1243.42  1329.56
1095.1  1180.27   1233.87  1319.03   1222.41  1307.57  1229.32  1314.49
1082.69  1168.09   1219.88  1305.28   1208.56  1293.95  1215.39  1300.79
1070.42  1156.06   1206.05  1291.69   1194.86  1280.49  1201.62  1287.25
1058.29  1142.95   1192.38  1277.05   1181.31  1265.98  1188  1272.66
1046.29  1132.41   1178.87  1264.98   1167.93  1254.04  1174.53  1260.64
1034.43  1119.57   1165.51  1250.64   1154.69  1239.82  1161.22  1246.35
1022.71  1108.08   1152.3  1237.67   1141.6  1226.97  1148.06  1233.43
1011.12  1096.73   1139.24  1224.85   1128.66  1214.27  1135.05  1220.66
999.658  1084.3   1126.33  1210.97   1115.87  1200.51  1122.18  1206.82
988.328  1073.2   1113.56  1198.44   1103.22  1188.1  1109.46  1194.34
977.126  1062.24   1100.94  1186.05   1090.72  1175.83  1096.89  1182
966.051  1050.2   1088.46  1172.61   1078.35  1162.5  1084.45  1168.6
955.102  1039.48   1076.12  1160.5   1066.13  1150.51  1072.16  1156.54
944.276  1028.89   1063.93  1148.54   1054.05  1138.66  1060.01  1144.62
933.574  1018.42   1051.87  1136.71   1042.1  1126.95  1048  1132.84
922.992  1008.08   1039.95  1125.03   1030.29  1115.37  1036.12  1121.2
912.531  996.65   1028.16  1112.28   1018.61  1102.73  1024.37  1108.49
902.188  986.541   1016.5  1100.86   1007.07  1091.42  1012.76  1097.12
891.963  975.359   1004.98  1088.38   995.653  1079.05  1001.28  1084.68
881.853  965.482   993.593  1077.22   984.368  1068  989.936  1073.56
871.858  955.72   982.331  1066.19   973.211  1057.07  978.716  1062.58
861.976  946.071   971.197  1055.29   962.181  1046.28  967.623  1051.72
852.206  936.534   960.19  1044.52   951.275  1035.6  956.656  1040.98
842.547  925.919   949.307  1032.68   940.493  1023.87  945.813  1029.18
832.997  916.601   938.547  1022.15   929.833  1013.44  935.093  1018.7
823.556  907.391   927.909  1011.74   919.294  1003.13  924.494  1008.33
814.222  898.29   917.392  1001.46   908.875  992.943  914.016  998.084
804.993  888.108   906.994  990.11   898.574  981.689  903.656  986.771
795.869  879.215   896.714  980.06   888.389  971.735  893.414  976.76
786.849  870.425   886.551  970.127   878.32  961.896  883.288  966.864
777.93  860.559   876.502  959.131   868.365  950.994  873.276  955.906
769.113  851.971   866.568  949.426   858.522  941.381  863.379  946.237
760.396  843.484   856.746  939.834   848.792  931.88  853.593  936.681
751.777  835.097   847.035  930.355   839.171  922.491  843.918  927.237
743.256  825.631   837.435  919.81   829.66  912.035  834.353  916.728
734.832  817.436   827.943  910.547   820.257  902.86  824.896  907.5
726.504  809.337   818.559  901.392   810.96  893.793  815.547  898.38
718.269  801.332   809.281  892.344   801.768  884.831  806.303  889.366
710.128  792.249   800.109  882.23   792.681  874.802  797.164  879.285
702.079  784.429   791.04  873.39   783.696  866.046  788.129  870.479
694.122  776.702   782.074  864.654   774.814  857.393  779.196  861.776
686.255  769.064   773.21  856.019   766.032  848.841  770.365  853.174
678.476  761.514   764.446  847.484   757.349  840.387  761.633  844.671
670.786  754.055   755.782  839.051   748.765  832.034  753.001  836.269
663.184  745.509   747.216  829.541   740.279  822.604  744.466  826.791
655.667  738.221   738.747  821.301   731.888  814.442  736.028  818.582
648.235  731.018   730.374  813.157   723.593  806.376  727.686  810.469
640.888  723.902   722.095  805.109   715.391  798.405  719.438  802.452
633.624  715.697   713.911  795.984   707.283  789.356  711.284  793.357
626.443  708.743   705.819  788.12   699.267  781.567  703.222  785.523
619.342  701.871   697.82  780.348   691.341  773.869  695.251  777.78
612.323  695.079   689.91  772.667   683.505  766.262  687.371  770.128
605.382  687.201   682.091  763.909   675.758  757.577  679.58  761.399
598.521  680.567   674.36  756.406   668.099  750.145  671.878  753.924
591.737  674.012   666.716  748.991   660.527  742.801  664.263  746.537
585.03  666.373   659.16  740.502   653.04  734.382  656.734  738.076
578.399  659.968   651.689  733.257   645.638  727.206  649.29  730.858
571.844  653.638   644.302  726.096   638.321  720.115  641.931  723.725
565.362  647.383   637  719.021   631.086  713.107  634.655  716.676
558.954  640.046   629.78  710.871   623.933  705.024  627.462  708.553
552.619  633.936   622.642  703.958   616.861  698.178  620.35  701.667
546.356  627.898   615.585  697.127   609.869  691.412  613.319  694.862
540.163  620.781   608.607  689.226   602.957  683.575  606.367  686.986
534.041  614.883   601.709  682.551   596.123  676.965  599.495  680.337
527.988  609.054   594.889  675.956   589.366  670.433  592.7  673.766
522.003  602.151   588.147  668.294   582.686  662.834  585.982  666.13
516.087  596.457   581.481  661.851   576.082  656.452  579.341  659.711
510.238  590.831   574.89  655.484   569.553  650.147  572.774  653.368
504.454  584.135   568.374  648.054   563.097  642.778  566.282  645.963
498.737  577.514   561.932  640.709   556.715  635.492  559.864  638.641
493.084  572.081   555.563  634.56   550.405  629.402  553.518  632.515
487.495  565.597   549.266  627.367   544.167  622.268  547.245  625.346
481.97  560.288   543.041  621.358   537.999  616.317  541.042  619.36
476.507  553.937   536.886  614.316   531.901  609.331  534.91  612.34
471.106  548.751   530.8  608.445   525.872  603.517  528.847  606.491
465.767  542.531   524.784  601.549   519.912  596.676  522.853  599.617
DANCE  DANCE_Measured    U235  U235_Measured    Li6   Li6_Measured    He3   He3_Measured 
