0 0 0
0 1 1
0 2 2
0 3 3
0 4 4
0 5 5
0 6 6
0 7 7
0 8 8
0 9 9
0 10 10
0 11 11
0 12 12
0 13 13
0 14 14
0 15 15
1 0 16
1 1 17
1 2 18
1 3 19
1 4 20
1 5 21
1 6 22
1 7 23
1 8 24
1 9 25
1 10 26
1 11 27
1 12 28
1 13 29
1 14 30
1 15 31
2 0 32
2 1 33
2 2 34
2 3 35
2 4 36
2 5 37
2 6 38
2 7 39
2 8 40
2 9 41
2 10 42
2 11 43
2 12 44
2 13 45
2 14 46
2 15 47
3 0 48
3 1 49
3 2 50
3 3 51
3 4 52
3 5 53
3 6 54
3 7 55
3 8 56
3 9 57
3 10 58
3 11 59
3 12 60
3 13 61
3 14 62
3 15 63
4 0 64
4 1 65
4 2 66
4 3 67
4 4 68
4 5 69
4 6 70
4 7 71
4 8 72
4 9 73
4 10 74
4 11 75
4 12 255
4 13 77
4 14 78
4 15 79
5 0 80
5 1 81
5 2 82
5 3 83
5 4 84
5 5 85  
5 6 255
5 7 87
5 8 88
5 9 89
5 10 90
5 11 91
5 12 92
5 13 93
5 14 94
5 15 95
6 0 96
6 1 97
6 2 98 
6 3 99 
6 4 100
6 5 101
6 6 102
6 7 103
6 8 104
6 9 105
6 10 106
6 11 107
6 12 108
6 13 109
6 14 110
6 15 111
7 0 112
7 1 113
7 2 114
7 3 115
7 4 116
7 5 117
7 6 118
7 7 119
7 8 120
7 9 121
7 10 122
7 11 123
7 12 124
7 13 125
7 14 126
7 15 127
8 0 128
8 1 129
8 2 130
8 3 131
8 4 132
8 5 133
8 6 134
8 7 135
8 8 136
8 9 137
8 10 138
8 11 139
8 12 140
8 13 141
8 14 142
8 15 143
9 0 144
9 1 145
9 2 146
9 3 147
9 4 148
9 5 149
9 6 150
9 7 151
9 8 152
9 9 153
9 10 154
9 11 155
9 12 156
9 13 157
9 14 158
9 15 159
10 0 160
10 1 161
10 2 310
10 3 255
10 4 255
10 5 255
10 6 255
10 7 255
10 8 255
10 9 255
10 10 255
10 11 243
10 12 244
10 13 241
10 14 242
10 15 200
11 0 160
11 1 255
11 2 255
11 3 255
11 4 255
11 5 255
11 6 255
11 7 255
11 8 255
11 9 255
11 10 255
11 11 255
11 12 255
11 13 255
11 14 255
11 15 201
12 00 255
12 01 255
12 02 255
12 03 255
12 04 255
12 05 255
12 06 255
12 07 255
12 08 255
12 09 255
12 10 255
12 11 255
12 12 255
12 13 255
12 14 255
12 15 212
13 00 255
13 01 255
13 02 255
13 03 255
13 04 255
13 05 255
13 06 255
13 07 255
13 08 255
13 09 255
13 10 255
13 11 255
13 12 255
13 13 255
13 14 255
13 15 213

