 0 1 2 3 4 5 200
 1 0 2 5 6 7 8
 2 0 1 3 8 9 10
 3 0 2 4 10 11 12
 4 0 3 5 12 13 14
 5 0 1 4 6 14 15
 6 1 5 7 15 16 30
 7 1 6 8 16 17 18
 8 1 2 7 9 18 19
 9 2 8 10 19 20 21
 10 2 3 9 11 21 22
 11 3 10 12 22 23 24
 12 3 4 11 13 24 25
 13 4 12 14 25 26 27
 14 4 5 13 15 27 28
 15 5 6 14 28 29 30
 16 6 7 17 30 31 32
 17 7 16 18 32 33 34
 18 7 8 17 19 34 35
 19 8 9 18 20 35 36
 20 9 19 21 36 37 38
 21 9 10 20 22 38 39
 22 10 11 21 23 39 40
 23 11 22 24 40 41 42
 24 11 12 23 25 42 43
 25 12 13 24 26 43 44
 26 13 25 27 44 45 46
 27 13 14 26 28 46 47
 28 14 15 27 29 47 48
 29 15 28 30 48 49 50
 30 6 15 16 29 31 50
 31 16 30 32 50 51 70
 32 16 17 31 33 51 52
 33 17 32 34 52 53 200
 34 17 18 33 35 53 54
 35 18 19 34 36 54 55
 36 19 20 35 37 55 56
 37 20 36 38 56 57 200
 38 20 21 37 39 57 58
 39 21 22 38 40 58 59
 40 22 23 39 41 59 60
 41 23 40 42 60 61 200
 42 23 24 41 43 61 62
 43 24 25 42 44 62 63
 44 25 26 43 45 63 64
 45 26 44 46 64 65 200
 46 26 27 45 47 65 66
 47 27 28 46 48 66 67
 48 28 29 47 49 67 68
 49 29 48 50 68 69 200
 50 29 30 31 49 69 70
 51 31 32 52 70 71 72
 52 32 33 51 53 72 73
 53 33 34 52 54 73 74
 54 34 35 53 55 74 75
 55 35 36 54 56 75 76
 56 36 37 55 57 76 77
 57 37 38 56 58 77 78
 58 38 39 57 59 78 79
 59 39 40 58 60 79 80
 60 40 41 59 61 80 81
 61 41 42 60 62 81 82
 62 42 43 61 63 82 83
 63 43 44 62 64 83 84
 64 44 45 63 65 84 85
 65 45 46 64 66 85 86
 66 46 47 65 67 86 87
 67 47 48 66 68 87 88
 68 48 49 67 69 88 89
 69 49 50 68 70 89 90
 70 31 50 51 69 71 90
 71 51 70 72 90 91 110
 72 51 52 71 73 91 92
 73 52 53 72 74 92 93
 74 53 54 73 75 93 94
 75 54 55 74 76 94 95
 76 55 56 75 77 95 96
 77 56 57 76 78 96 97
 78 57 58 77 79 97 98
 79 58 59 78 80 98 99
 80 59 60 79 81 99 100
 81 60 61 80 82 100 101
 82 61 62 81 83 101 102
 83 62 63 82 84 102 103
 84 63 64 83 85 103 104
 85 64 65 84 86 104 105
 86 65 66 85 87 105 106
 87 66 67 86 88 106 107
 88 67 68 87 89 107 108
 89 68 69 88 90 108 109
 90 69 70 71 89 109 110
 91 71 72 92 110 111 112
 92 72 73 91 93 112 113
 93 73 74 92 94 113 114
 94 74 75 93 95 114 115
 95 75 76 94 96 115 116
 96 76 77 95 97 116 117
 97 77 78 96 98 117 118
 98 78 79 97 99 118 119
 99 79 80 98 100 119 120
 100 80 81 99 101 120 121
 101 81 82 100 102 121 122
 102 82 83 101 103 122 123
 103 83 84 102 104 123 124
 104 84 85 103 105 124 125
 105 85 86 104 106 125 126
 106 86 87 105 107 126 127
 107 87 88 106 108 127 128
 108 88 89 107 109 128 129
 109 89 90 108 110 129 130
 110 71 90 91 109 111 130
 111 91 110 112 130 131 200
 112 91 92 111 113 131 132
 113 92 93 112 114 132 133
 114 93 94 113 115 133 134
 115 94 95 114 116 134 200
 116 95 96 115 117 134 135
 117 96 97 116 118 135 136
 118 97 98 117 119 136 137
 119 98 99 118 120 137 200
 120 99 100 119 121 137 138
 121 100 101 120 122 138 139
 122 101 102 121 123 139 140
 123 102 103 122 124 140 200
 124 103 104 123 125 140 141
 125 104 105 124 126 141 142
 126 105 106 125 127 142 143
 127 106 107 126 128 143 200
 128 107 108 127 129 143 144
 129 108 109 128 130 144 145
 130 109 110 111 129 131 145
 131 111 112 130 132 145 146
 132 112 113 131 133 146 147
 133 113 114 132 134 147 148
 134 114 115 116 133 135 148
 135 116 117 134 136 148 149
 136 117 118 135 137 149 150
 137 118 119 120 136 138 150
 138 120 121 137 139 150 151
 139 121 122 138 140 151 152
 140 122 123 124 139 141 152
 141 124 125 140 142 152 153
 142 125 126 141 143 153 154
 143 126 127 128 142 144 154
 144 128 129 143 145 154 155
 145 129 130 131 144 146 155
 146 131 132 145 147 155 156
 147 132 133 146 148 156 157
 148 133 134 135 147 149 157
 149 135 136 148 150 157 158
 150 136 137 138 149 151 158
 151 138 139 150 152 158 159
 152 139 140 141 151 153 159
 153 141 142 152 154 159 160
 154 142 143 144 153 155 160
 155 144 145 146 154 156 160
 156 146 147 155 157 160 161
 157 147 148 149 156 158 161
 158 149 150 151 157 159 161
 159 151 152 153 158 160 161
 160 153 154 155 156 159 161
 161 156 157 158 159 160 200
 162 200 200 200 200 200 200
 163 200 200 200 200 200 200
 164 200 200 200 200 200 200
 165 200 200 200 200 200 200
 166 200 200 200 200 200 200
